315198
841723
352896
871475
658883
170191
936943
554019
791846
261150
535428
651382
558174
58433
454057
635713
369646
367937
789939
550445
339555
731692
819807
13593
302328
267245
340601
601230
166798
174666
505140
310609
338694
8055
518238
776770
164182
961682
340563
975376
462111
16330
533790
155900
746337
246661
139792
20872
833332
887431
613270
400016
416357
61784
615076
601166
857898
481270
971486
615745
126845
548046
475691
772380
215100
892604
63424
806534
979711
971071
325715
977718
129536
47355
78391
780612
447995
907632
189347
707454
731136
466904
105608
236173
660386
264051
630606
58790
694807
483586
729785
32542
267662
560310
846799
406116
301923
498457
915653
514891
343552
939063
126019
966003
411085
481622
541167
365298
527968
616812
354271
888757
38788
305239
482257
699190
563495
761311
551634
629250
511378
739432
868121
548532
239284
718894
845794
592868
843119
838982
173627
219323
209008
331796
709135
713157
969457
103879
77855
364902
154780
323517
209540
843675
254527
504110
760830
69070
238838
196040
188175
897107
294971
2767
656076
744331
422850
418457
98675
982823
367014
60572
787137
551612
149108
401407
165755
121181
87667
105510
749386
617242
2604
793824
765141
943433
203230
563019
17541
827322
808316
954880
378497
75316
836783
642425
902781
239125
52818
42149
420273
819017
13643
608692
235859
422377
928043
439650
38840
960079
246485
898648
217504
252811
348444
942992
859100
897423
728440
88979
263662
105607
961936
324646
605177
588489
853550
987264
665131
176259
709310
305741
183097
671020
976594
471427
494180
744955
376649
98639
401086
605238
594406
779398
986762
816225
68075
332732
432661
250628
480376
859779
252244
84126
406530
832366
78667
880836
455680
246773
211504
84505
515274
26259
992184
782658
39431
38276
719963
501268
88239
933981
90382
856950
261967
223788
26435
116238
300916
932185
254872
354926
896638
275139
222771
840690
808311
788386
785326
511860
611453
304932
767552
532976
842160
663697
353020
133525
947198
45538
385199
292292
645798
422647
231605
751884
990627
484553
701805
53897
469417
949837
785850
573409
125812
543510
240947
328524
848597
952020
237698
256312
978399
418985
881580
762590
566711
675916
635113
332842
780568
947233
245174
354204
593744
882412
871539
671764
676388
227224
557287
546470
76063
133808
715474
488643
494787
128770
839522
225786
996760
818250
328876
601096
926005
665568
993401
580914
154420
31211
162019
782884
749752
293104
827223
545569
587239
157197
692366
136177
116968
541030
48191
418049
608601
621258
231422
442573
529952
22242
207034
202481
742743
520533
7076
464090
273973
354971
107038
996844
809663
221511
7160
458124
927076
69866
637123
335639
479183
978540
337222
516351
436046
24131
328753
66302
917370
742126
763337
121500
480218
994873
715973
568170
895926
870662
613035
552304
29421
591742
856354
925245
934941
256171
523952
984551
468309
785246
578033
425419
746942
152311
197291
569545
976438
596397
754450
943913
667762
396297
320523
540503
188485
682650
549735
259456
754334
476564
798485
723274
520339
1908
913775
884238
23028
554734
353470
753798
898425
749703
70578
175049
982996
623410
539110
416096
832528
403572
312383
656104
588910
590994
614526
441680
814373
775141
279190
376625
604675
834405
740791
690628
627697
117174
753436
573253
383840
302607
43805
5787
383835
369335
436514
356674
214980
481421
693669
1335
739972
286926
945891
132406
39095
690367
605769
615575
359131
202965
490323
203036
64166
635760
750339
473401
659968
266094
824523
936476
78612
730700
1230
468157
27559
280585
677138
727190
502500
478988
778844
569977
872893
594909
474400
399622
458480
57262
670090
134878
36643
862391
445128
990763
266488
388065
366239
570000
956234
478048
230157
131347
486954
157513
819503
88892
193599
245875
377313
182193
891857
345608
553623
640648
185847
281301
921142
171033
939648
587906
754088
808844
807104
332822
415667
12882
149283
709088
598620
511183
361536
588148
312925
248908
124411
69743
744603
524797
138658
564613
362069
384696
425058
39082
703682
565353
786415
866132
532764
397761
585325
996395
783092
339257
578166
945631
779092
955794
471511
880549
594523
501164
875509
825635
438646
212535
193180
412820
747662
191615
560114
675215
512912
582263
156039
826610
743467
103841
850648
674559
171544
919021
274500
917350
443142
264275
132450
623931
407046
994178
844204
911784
653028
553166
680974
456170
415613
289815
87416
243241
516276
59245
401092
393829
947345
442390
588283
43883
925759
13011
813648
38653
657009
976316
788465
427947
319880
914659
689021
310326
616388
447646
195114
72851
929506
505683
535686
809271
909325
996142
569058
698492
778154
565253
165071
889118
377465
756389
832397
28588
561011
572088
318684
429728
560606
671249
513621
324749
898713
541581
645533
193275
462338
95841
288370
360031
84126
267051
921302
559999
463358
427911
244608
158581
768394
61532
392492
757221
869791
851160
348536
168589
123803
998613
870614
49228
558674
591855
185905
380929
96170
725939
302424
869025
430345
858297
354459
913069
44590
369261
472222
306404
868132
672781
358309
41146
984825
599596
891187
521766
477676
439918
337016
554170
862952
747389
392516
451796
550717
544360
878256
516155
980089
143787
436699
397888
523497
345736
857109
40290
797243
790321
585322
40834
258426
613728
720142
955243
315828
861565
408620
636364
159939
515257
700890
840291
398182
592252
652499
600591
30343
216553
604656
482400
287243
988510
273311
818134
257436
866371
700540
757084
460020
713316
157592
6462
18682
645332
963924
784953
266554
563369
911608
125022
630170
548071
662330
820375
424320
263136
634956
970892
772580
649883
220683
411589
591662
932238
771505
153377
376887
230731
110921
166591
278243
641953
863304
593212
726462
635708
415007
16725
159080
825845
389678
992212
192229
623156
928502
723427
467662
454675
122564
51307
733908
271349
431200
675469
527490
866604
772044
79490
165404
208169
82641
558750
421361
125253
691779
483345
286142
881018
389923
138498
225809
918197
348774
162357
844219
424297
260122
990797
722818
951196
112553
404655
849646
714380
865006
511643
576350
758592
190621
195235
739417
638561
833326
268987
214961
567781
682412
696965
801945
727788
641071
37322
864746
862812
840879
431031
70364
141146
534828
452547
425086
92740
813410
484361
628210
462849
397749
128258
641168
266165
107393
617925
195677
114377
336365
484561
2667
32527
214366
643967
806129
646252
395242
88899
43625
469466
327029
59871
288674
521464
629655
49823
502134
825767
321523
181039
900907
910263
176557
26373
747661
97201
455008
988919
74801
945346
860087
941618
844685
737822
470650
90950
217616
154332
71994
134506
999985
993530
630381
402632
648985
114290
373262
56001
476334
161806
649329
566092
400577
377121
88992
763193
283545
412771
406967
205163
309212
569767
249330
239239
17301
567386
355190
937724
590725
462813
973934
940017
759361
298252
883656
375161
532918
304887
355570
4319
421287
946648
