25492
9652
29048
559
25986
7140
11908
13405
21235
17090
28620
25636
16768
6348
9372
27694
20542
1006
27478
15317
28614
29142
3995
10032
6375
51
17440
3100
27090
28832
19200
8634
15151
23435
1738
29442
27528
25001
19561
29667
12690
19332
5812
8622
6193
15383
8325
3403
8906
22967
8943
21834
11559
4958
1991
10531
32728
9199
19255
5705
21565
20281
28150
11742
15069
29037
9384
25607
22802
14028
14222
25592
16515
21108
19330
9560
16423
17251
8801
3893
4
2914
30208
23461
10957
21704
20613
16816
17576
21063
2906
26805
21302
19124
26113
5919
11803
20230
21209
24493
14958
20125
22194
8091
24176
5491
7663
13786
30546
21232
20998
291
20887
1560
18209
18944
17288
12448
14968
23362
30775
30508
30128
8059
26618
10972
204
15019
9809
1262
11973
22632
26982
4056
6493
15347
10812
28052
19888
15202
2861
17426
5237
22532
32313
14787
19130
6761
19576
31856
12885
2781
21844
12326
16524
16287
17943
11298
4749
11656
24312
8857
21474
22111
6717
30993
861
9475
19876
23815
25781
25306
8115
9070
19306
26591
28336
21905
8846
2531
16585
30117
21877
20533
17280
8604
21056
17901
29797
19708
13633
17779
2760
29281
26071
3263
21748
32702
13926
29034
10119
24545
18897
7028
10426
3282
4295
5576
6162
24100
16195
18929
760
23809
20162
32681
31008
17529
14556
3073
20447
18276
31135
14816
3341
5342
13782
4525
2719
25693
8887
10038
28939
11165
19898
3386
18285
22913
26728
9881
13973
4419
20821
30309
3666
23988
31323
2099
30254
21046
14634
1760
11342
20225
3459
6209
3151
4819
21323
29483
21805
17937
24951
30437
29622
7157
25346
29104
4233
25990
29000
31097
25511
7597
20868
17021
21773
23785
13724
1968
29837
31386
1150
27233
15915
217
12303
9933
17401
9698
23243
9590
28054
21580
31267
21504
13454
16183
18942
31638
313
30340
14252
29609
8175
19386
19514
1849
19049
12775
7577
12146
5549
29723
4238
32022
19692
27967
23165
732
6476
2440
18424
19566
28697
2251
10205
20251
28639
11213
11048
28189
21518
15673
31466
5574
10348
5655
25899
7155
28649
6281
11507
16868
26536
21895
32166
5324
23713
10264
13591
14037
32137
16657
27799
7171
11242
12160
13048
17396
18005
29119
1938
29885
22133
32221
6584
21975
19815
16301
6312
31314
26812
22958
4523
6043
9241
8785
16196
14396
19396
9601
14533
5784
23781
27184
28128
13989
8764
27194
4064
27204
2537
2984
3110
4385
468
12613
3101
4061
31244
27141
9933
16165
28074
22699
30353
24073
17031
25205
26205
20239
5409
14529
17681
1985
6777
16130
29601
1599
31379
32436
22725
8419
21532
15113
8546
23097
24627
29728
28691
26633
6926
26764
14205
30121
11274
23035
27364
3883
14829
1831
15683
16742
12019
30652
30004
8158
15621
24585
21989
19570
30924
2791
12658
22762
29674
4836
23209
1734
16043
16186
31385
21501
26318
28974
8909
9045
11961
22840
3233
15726
17808
32475
9615
18567
27722
6950
18005
7902
6037
16306
29382
20754
24808
1113
32181
28072
7858
7377
2573
17592
14929
6801
6844
9499
13068
9246
5960
10392
15039
28100
16766
32660
7495
2628
2865
15480
7764
6064
8061
23842
152
24035
3662
23417
9321
20768
17636
19156
5942
1789
28628
8081
4676
26794
15902
23428
24768
1182
14485
25382
21450
30347
10003
24603
19800
13134
28371
29432
18625
25594
23872
12888
26762
15851
30951
11592
9310
5474
5986
13264
6988
20568
24856
23704
22583
18647
3701
25342
21953
23754
28532
18056
26584
11256
9762
26380
18750
26821
31806
6233
29576
2478
2299
18254
15562
8354
20133
4839
6424
18544
10635
603
22646
3441
6102
28247
20776
18835
8917
26709
8278
13426
11465
20591
16609
23997
23400
26405
14798
9348
9772
16726
2434
28814
17177
13297
9592
3204
5500
28333
32208
17058
17998
9074
24671
16286
29668
23090
23426
24811
21865
3867
7207
28387
26659
9153
14188
20347
23300
9917
28904
24707
345
5573
6242
31361
7567
22123
661
26402
31449
14359
22236
13268
14443
28612
15336
25074
22389
5309
31693
3696
8573
10049
13238
18516
28197
12418
26771
12355
20217
22886
6061
1656
10555
30615
24310
7951
17432
23184
14126
16124
32546
18182
23148
4783
28275
16446
2344
1013
17896
7541
24166
21927
25256
23645
4395
912
16968
13118
15327
14937
10205
981
25098
7860
463
3941
17731
28628
5116
398
26844
10221
8764
13911
24542
8487
323
1558
2030
21878
7198
27131
32090
23849
1439
11125
4219
2374
10460
32095
29269
3343
7058
15304
15668
18997
23563
1728
12638
5916
30910
3429
15787
21290
5257
11259
27530
15379
325
18640
15902
5210
4483
15148
28219
625
23025
20647
17258
31493
30707
5681
11411
18930
6805
20758
21394
19537
7260
25250
2056
30680
22167
11041
9984
3536
14812
1173
967
378
28136
14865
31179
29175
16461
1074
25837
14328
8978
5596
31187
27397
11667
14528
23436
28844
2513
12937
17567
6976
21815
30666
26830
29185
29863
5282
19865
12760
11776
22946
17692
17375
9234
30011
2937
12726
19165
6502
15429
14986
29393
19917
28953
17008
265
3070
23981
24631
29125
29273
21111
2219
12225
27323
30034
16541
29214
8623
21664
7738
890
15394
14085
8122
21903
28034
3481
13214
14721
13605
25174
29303
11113
32334
16938
10050
5230
5394
24036
27734
10765
5897
20562
1337
28615
19882
9420
20800
14936
32477
25518
3069
7851
9063
2931
23672
749
27140
18971
4092
10475
32250
7415
8988
26745
16407
3142
13385
16683
2440
28408
16732
12579
9948
17974
29942
32261
25373
18171
18987
23466
3703
26052
3115
4578
12688
18664
12709
14814
27016
1901
32192
12390
16928
18470
20703
2748
28045
9046
897
14052
12471
13232
15987
31985
4706
9328
10609
17796
28085
8813
25344
5384
6855
2473
30529
21060
1150
12356
28108
24360
12038
13097
4043
448
20575
21296
29211
1752
19447
7514
21706
591
9020
24425
15634
13170
12570
30802
24036
31334
23263
18901
22
14832
28943
2671
6549
28872
25310
7406
13394
6439
12397
12464
17870
21931
31894
28385
26953
16820
14073
1798
9395
15346
10133
31703
30376
1268
19295
21436
11474
17311
19253
8381
7443
18320
17179
18161
12762
8159
13812
21071
25100
6026
22465
